0.4608
2.5258
0.2992
1.2896
0.2962
0.0778
0.0648
4.5959
0.2104
0.1247
0.2633
0.0918
0.4308
0.0848
0.2104
0.6742
2.0285
0.3920
0.4228
0.0329
0.1666
0.4578
0.7560
0.2449
0.1626
0.0897
1.6716
0.2842
0.3152
1.5548
0.4050
0.2623
1.0911
0.0060
1.3285
0.6413
0.0978
0.1446
0.2603
0.7310
0.3770
0.0578
2.0490
0.6104
0.0509
1.1678
0.3162
0.2513
0.6922
1.3344
0.6303
1.6247
0.3989
0.0209
0.1625
0.5465
0.3690
0.6393
0.0429
1.6107
1.2058
0.2144
0.5884
0.0858
0.1107
0.0977
0.5625
0.4787
0.1606
0.2164
0.2683
0.0608
0.2294
0.6139
0.5816
0.4428
0.6004
1.9049
1.0163
0.3969
0.1685
0.0828
1.0791
0.2214
0.1785
0.1017
0.0818
0.6114
0.0199
0.5824
1.3823
0.4019
0.0878
0.0050
0.4338
1.0592
0.3650
1.2128
0.1945
0.3819
