10.7334
24.1199
1.8590
0.1645
1.3155
14.3808
0.4398
3.9993
16.6167
18.0239
22.5926
0.6752
23.1287
15.3840
5.6589
2.2171
0.3072
17.6328
12.9813
42.0656
2.5053
9.7226
3.0858
0.8687
14.4404
27.0537
3.7809
5.9411
5.0206
12.8804
13.7997
1.5140
0.3211
20.6439
2.6260
1.3484
52.4362
4.1340
3.2170
0.5844
2.5951
24.7315
13.8171
0.6483
5.5422
18.5586
28.3250
3.0422
2.3318
2.0326
4.5479
6.4079
26.1047
8.9905
34.8230
13.7549
1.3594
11.6001
8.5811
18.9613
6.9734
0.7610
8.1428
18.8143
16.1694
5.5647
7.8162
25.7666
2.7352
3.5027
28.3767
36.5324
9.7898
28.3911
1.4082
6.0112
2.4116
4.8201
1.0273
0.7799
3.4243
2.6240
11.2654
28.6057
0.8867
0.4648
33.3074
0.0239
0.7650
12.5224
8.8902
5.3976
46.1917
2.3198
5.4447
1.6137
1.2128
0.9355
1.9757
7.3548
