0.0316
0.1357
0.1436
0.0359
0.0728
0.1257
0.0528
0.1920
0.0289
0.0838
0.0678
0.3132
0.2394
0.3960
0.1615
0.1875
0.4259
0.0588
0.0050
0.3122
0.0429
0.0469
0.0120
0.0449
0.0369
0.4368
0.1975
0.0688
0.0519
1.0970
0.2155
0.1416
0.0967
0.2832
0.0918
0.0259
0.0239
0.0509
0.0529
0.0798
0.0110
0.0728
0.0249
0.0957
0.2314
0.0908
0.0648
0.0349
0.1287
0.3560
0.0030
0.1007
0.0529
0.0060
0.1306
0.2045
0.0878
0.0299
0.0708
0.0379
0.0190
0.0927
0.0050
0.1322
0.0529
0.1007
0.1416
0.1237
0.0908
0.6692
0.0898
0.0947
0.0918
0.0249
0.0499
0.0389
0.0898
0.0030
0.0499
0.6333
0.0020
0.3361
0.1476
0.1277
0.0210
0.1626
0.0130
0.2024
0.0778
0.1017
0.2333
0.1705
0.6284
0.0369
0.2383
0.0588
0.0209
0.3790
0.2473
0.8109
