6.5504
0.4149
2.3657
0.0938
2.4435
21.0481
1.4741
1.5967
0.4159
1.0951
1.6157
0.0609
3.1845
0.0479
2.7536
0.9016
1.5718
0.6403
3.1316
2.5342
1.2187
0.4398
0.1666
1.7872
5.9925
0.0718
0.0489
0.6024
3.0638
0.2264
1.5240
1.3972
1.4581
4.0721
1.4252
8.1703
0.5186
0.7969
5.0325
4.8096
0.0898
0.9385
1.1769
0.7191
0.7989
3.6230
0.1157
5.0365
0.3421
0.3780
4.0781
2.8274
6.9205
0.4628
0.5984
0.5804
1.9817
4.6586
1.0093
0.1915
0.5695
0.5167
0.5116
0.2763
3.4129
2.3138
1.8127
1.7553
0.3730
2.2829
2.8181
0.2643
0.1666
1.3125
0.0229
3.5585
0.9336
0.5176
0.6034
1.3644
2.1822
1.7493
0.4577
2.3637
0.3999
2.8578
0.5176
6.3071
0.5994
3.1536
0.5365
0.0090
1.1130
0.4627
1.0951
0.0140
1.5997
8.3158
1.0861
1.0881
