N=5
3,2,4,0,1
1,2,4,3,0
2,3,1,0,4
4,2,1,3,0
0,2,3,1,4

N=6
5,0,3,2,4,1
3,2,4,0,1,5
0,4,3,1,2,5
5,3,4,1,0,2
0,1,4,3,5,2

N=7
4,1,3,2,0,5,6
1,4,3,5,2,0,6
2,1,4,5,3,0,6
5,6,2,0,4,1,3
1,4,3,5,2,0,6

N=8
0,5,4,2,6,7,1,3
1,4,3,5,2,0,6,7
1,2,6,4,7,3,5,0
3,2,4,0,7,5,6,1
2,6,4,1,7,0,3,5

N=9
2,4,3,6,7,1,5,0,8
2,8,4,5,3,6,1,0,7
0,1,5,3,8,7,4,6,2
1,6,4,5,0,2,8,7,3
5,2,4,3,8,6,0,1,7

N=10
4,0,5,3,7,9,6,1,2,8
5,1,4,3,9,6,7,2,0,8
4,8,5,6,0,3,2,7,9,1
9,5,4,7,0,8,3,1,2,6
7,6,4,8,3,0,1,9,2,5

N=11
6,1,0,4,9,10,8,2,5,7,3
3,5,8,6,1,2,10,9,0,7,4
0,4,9,6,8,7,3,10,1,2,5
10,9,2,5,0,6,4,1,3,7,8
3,1,9,6,2,8,0,7,10,4,5

N=12
4,1,10,5,6,8,0,3,11,2,9,7
10,8,4,6,3,11,0,7,1,2,5,9
2,5,10,7,6,0,9,4,8,1,3,11
2,3,7,6,9,4,0,5,11,1,8,10
0,2,8,6,11,1,9,10,5,4,7,3

N=13
0,3,4,6,12,7,11,1,9,8,5,10,2
0,2,11,6,3,8,9,7,10,1,5,4,12
5,10,0,7,6,8,4,12,9,2,3,1,11
10,8,5,7,6,0,11,2,3,12,1,9,4
11,5,2,9,12,4,0,1,7,6,10,8,3

N=14
3,10,12,6,1,11,0,13,4,7,5,2,8,9
10,4,2,7,6,1,8,12,5,13,0,3,9,11
4,13,6,7,12,10,0,8,11,5,2,1,3,9
6,8,9,7,0,5,12,2,13,10,1,4,3,11
5,0,6,7,3,11,13,4,9,2,1,8,12,10

N=15
1,10,9,6,2,12,5,0,7,11,14,8,13,3,4
4,3,8,6,10,7,1,13,0,9,11,14,5,12,2
9,6,12,7,10,11,0,4,2,1,14,8,13,3,5
12,8,11,5,0,6,4,9,2,14,13,10,1,3,7
12,2,9,8,10,3,6,1,14,11,0,4,13,7,5

N=16
15,9,7,0,2,10,5,4,1,6,13,14,3,12,8,11
2,3,8,12,10,4,7,14,1,15,0,6,5,13,9,11
15,2,3,12,7,1,5,13,11,4,14,0,6,9,8,10
12,8,7,2,5,11,1,13,14,6,15,3,0,10,4,9
0,15,7,2,12,3,14,13,6,8,5,11,1,4,9,10

N=17
8,9,3,15,5,16,1,10,14,0,13,11,6,2,4,7,12
8,13,16,10,9,4,0,7,5,6,12,2,14,11,15,1,3
14,6,4,0,7,11,12,3,9,2,13,15,1,16,10,5,8
5,3,10,13,12,16,7,2,8,9,1,6,0,14,11,4,15
4,16,11,14,1,3,10,0,15,12,6,5,9,7,8,13,2

N=18
8,11,3,15,6,16,5,12,10,4,17,1,0,14,9,2,7,13
0,13,14,9,2,4,12,16,6,3,17,5,1,11,10,8,15,7
7,8,6,17,11,0,13,4,14,1,3,15,10,9,5,12,16,2
9,6,16,0,12,8,17,11,3,1,4,5,13,15,10,14,2,7
7,14,5,9,12,13,2,1,10,6,4,15,0,17,11,16,8,3

N=19
3,10,2,17,18,1,6,16,11,8,12,14,5,4,15,0,13,9,7
