15.4772
25.2824
7.2117
11.3687
14.8802
47.8581
0.4338
14.2031
29.4817
1.3324
23.3666
13.1010
8.2530
8.5701
1.4043
29.6179
36.6501
35.4523
0.4967
9.5076
16.0142
29.6154
23.9385
0.6054
17.7236
6.1885
17.0784
4.1210
19.8889
10.2457
19.2116
25.9591
6.6692
1.5947
5.8136
15.8537
28.5697
0.2294
14.2150
4.7134
6.3521
4.4760
5.9985
12.1694
27.2223
1.5718
1.2327
21.7495
17.1028
21.5230
5.7343
3.0020
24.7319
8.8074
26.1312
11.0435
15.7709
5.1323
24.4622
46.4351
30.3085
6.5655
26.4000
9.5853
2.1104
1.4075
5.7646
30.5738
9.8228
7.9228
1.8491
51.7826
11.5481
6.7719
23.8104
33.9698
10.4490
13.9737
3.6493
0.4428
8.6475
21.3819
12.6073
1.2806
9.2802
18.3011
20.2559
15.0095
2.0346
8.2479
13.4680
32.7176
6.5495
12.1595
11.9630
18.7788
6.9993
5.1672
39.4336
5.3667
