12.6796
5.5950
3.2723
0.9604
5.9641
0.3022
17.3367
7.7922
4.8879
36.6620
12.8576
8.5801
14.3935
19.1398
1.1120
7.7114
3.4588
8.2440
7.3663
21.9174
1.1958
6.8766
2.2719
2.8175
8.3447
0.3182
2.3806
0.3142
20.9470
16.3772
4.8739
17.2819
15.0907
16.6555
6.9315
10.2995
11.6399
0.1027
15.7698
13.1455
7.4980
3.7919
4.9149
4.2147
14.2170
1.9498
3.0130
4.6915
7.3504
5.2490
27.1215
0.0967
3.9414
5.7856
2.5930
0.7151
1.6237
0.8388
1.8979
0.9345
19.8170
8.1842
8.0829
11.5122
2.2061
4.8660
8.7367
13.6745
5.4486
16.0082
23.8070
1.8770
1.5888
1.4172
0.3132
22.4650
6.9241
1.6655
8.1638
35.6055
9.3730
2.0545
6.7749
0.8128
8.5352
0.5915
15.4746
2.8155
8.3712
0.0170
17.5162
10.9817
10.3045
1.1948
0.1646
2.8264
9.7869
6.3670
45.7637
11.4479
