3.0788
1.9009
1.5748
0.4348
0.8388
6.2991
3.5020
2.1942
0.3999
0.4398
1.5120
5.5522
1.7802
2.9491
3.6852
6.2732
4.3075
0.0918
0.9704
18.0035
0.4787
4.0123
8.0794
1.6027
1.0921
4.6246
6.4528
13.7243
3.5715
0.1705
6.4498
9.7884
0.1925
11.5511
3.1675
1.3015
0.8647
5.6988
2.6918
6.3032
0.1326
0.5515
0.7111
0.3221
0.1775
0.0289
0.9943
4.3135
3.6881
8.8952
2.4126
2.9391
1.6855
5.5861
2.9601
1.1489
0.7909
5.1701
2.5073
1.5269
6.1696
0.8896
3.8088
0.3630
0.2673
0.2533
0.3122
2.5213
0.8542
5.6349
3.6523
0.9973
0.0070
6.3341
4.3853
3.6133
22.0989
7.5927
0.0519
1.2077
0.4558
3.7540
1.4461
1.3723
0.4339
2.0485
8.5063
0.2114
0.8318
6.9524
2.9461
1.0671
3.8817
6.1066
4.6875
4.0851
8.7127
4.4910
8.1562
3.4667
