0.4379
2.3756
0.1496
0.4089
1.2148
2.1891
1.2127
0.1097
0.1446
0.4069
0.1027
0.9445
2.2191
2.0346
1.4800
2.1213
0.4039
1.4900
0.1177
0.8497
1.6566
1.8680
0.6498
1.1310
5.2280
2.3437
1.8760
3.3510
0.2384
0.2294
1.7413
0.0230
2.8534
1.8899
0.1047
0.3221
0.4318
0.1008
0.8547
1.0123
0.9166
0.6742
2.4574
0.7650
1.1868
0.6054
2.6659
3.1107
0.3740
0.0170
1.0781
1.5977
0.5615
0.3291
0.0459
0.6124
1.8760
1.9528
1.5898
3.6243
3.1177
1.2487
0.0180
2.6728
1.4023
1.4033
1.2467
0.3142
2.6858
2.9282
0.4618
1.7952
0.1695
0.1346
2.6340
1.2676
2.4923
2.1832
1.6146
1.0399
0.5705
2.5712
1.8351
0.3311
0.2643
1.0312
0.1356
0.0279
0.4378
1.2995
3.2104
0.1815
0.5406
1.6825
1.0342
0.6702
3.9455
1.2377
0.8028
4.6197
