0.3062
0.0409
0.8328
0.5286
0.2653
0.3621
0.0020
0.3511
0.0259
0.5675
0.2294
0.2334
0.0967
0.1905
0.0419
0.0160
0.0758
0.8866
0.5256
0.1775
0.1576
0.0289
0.2902
0.0339
0.0329
0.1526
0.0229
0.0648
0.6363
0.7032
0.0559
0.8019
0.0748
0.0020
0.1556
0.0349
0.0249
0.3900
0.1336
0.2852
0.2334
0.5396
0.3989
0.1536
0.7550
0.5575
0.1027
0.7241
0.2802
0.5107
0.3261
0.1546
0.0160
0.0568
0.0549
0.3810
0.6971
0.1187
0.2593
0.1925
0.3042
0.5246
0.2045
0.2084
0.5495
0.0718
0.4049
0.1456
0.4747
0.2793
0.0569
0.6772
0.1855
0.3132
0.0967
0.0069
0.2065
0.1237
0.8378
0.3032
0.8297
0.1018
0.1516
0.1326
0.1406
0.1187
0.1566
0.5426
0.0160
0.2224
0.0030
0.6732
0.3172
0.1157
0.0838
0.7291
0.3381
0.2334
0.0878
0.0409
