1.4871
1.6156
0.3232
0.1626
0.0947
0.3431
1.2965
0.2772
0.3431
1.4042
0.5545
2.0495
0.3092
0.0199
0.6752
0.0330
1.3245
0.0399
0.6892
0.2563
0.3421
0.3152
0.1187
0.4388
0.1725
0.2812
1.4741
2.2829
0.2244
0.0080
0.5515
0.1406
0.4518
0.5226
0.6463
0.6353
0.1765
0.3032
0.7799
0.7520
1.5838
0.0548
0.7729
0.2773
0.5565
0.3172
0.3820
0.3182
0.0329
0.0429
0.0688
0.2404
1.3404
1.6306
1.1649
0.0070
0.8796
1.5080
1.0542
0.1167
0.6243
1.1519
0.0389
0.2573
0.0200
0.9325
0.3580
1.3533
1.7005
0.4139
0.0299
1.4512
0.7320
2.7157
0.1954
0.3002
0.4408
0.5306
0.1087
0.8412
0.7052
0.9854
4.3155
0.0678
0.1815
0.2553
1.0721
0.1476
0.6093
0.0758
1.4013
0.0967
0.1456
0.5854
0.2244
0.4049
1.0951
0.4957
0.5805
0.6752
