2.7946
18.9544
5.2500
4.6795
8.2649
10.0647
7.1543
6.9171
8.9112
11.5412
26.2648
6.5635
8.0964
1.8062
1.9777
7.7633
6.8248
1.5998
2.7067
5.6060
4.1988
10.7064
0.8198
2.2979
3.4358
30.7434
1.1629
0.2174
3.2035
6.7854
1.6915
5.8703
1.4431
4.1918
13.7991
11.7556
2.5622
16.3991
5.7965
0.5804
1.1070
9.1456
1.0472
6.3819
2.3218
1.6367
4.5528
0.5964
21.6352
13.2117
15.1954
1.0841
15.2253
0.1725
16.0112
0.0638
4.1379
8.6330
0.4428
4.2327
8.4634
0.8447
11.0754
2.3038
14.2220
5.2290
11.4115
3.4957
0.3650
0.6313
8.7327
16.7308
17.5162
6.4528
2.2799
0.9295
5.5841
4.2107
26.8114
11.8862
0.8278
2.1563
8.8882
4.0482
5.5382
11.9959
6.8926
2.2879
6.6403
15.3525
3.9734
7.1818
4.6376
2.1662
3.7550
3.0698
9.5026
2.0286
1.1140
7.6745
