5.1408
23.2028
41.6751
5.2764
8.1098
19.4705
5.2167
7.3359
1.9524
0.6000
0.9542
7.0594
7.8190
6.0616
1.5643
0.0156
5.0310
28.6285
0.8772
0.1406
13.6044
0.0665
36.2598
3.2330
34.0727
8.0971
7.7566
4.2923
72.1074
0.7498
8.7214
6.6064
4.8289
4.5043
7.8102
1.2809
4.3285
8.5628
35.5156
6.7485
10.8609
3.2492
5.6101
9.1554
29.8605
7.7167
7.0414
9.2543
4.3920
7.1303
13.1958
0.0625
2.3299
51.3019
29.0399
18.3342
21.2472
9.7022
17.8642
4.5482
27.8059
0.1250
0.1406
3.0348
1.4817
3.1118
5.4374
19.0322
8.4238
3.7353
19.2182
17.9971
10.2838
36.9451
4.6083
11.2846
5.2189
39.0574
13.8231
3.4389
1.2341
18.1460
1.1653
4.9160
0.0000
0.2968
1.3156
9.6238
5.2361
66.7688
1.0154
14.8150
3.9535
58.0207
13.3148
25.7725
40.4615
1.0353
22.7210
1.5777
0.9621
3.5229
72.4517
0.9854
7.1881
1.6251
0.8904
21.4289
4.7815
3.7647
0.6874
7.0867
20.3246
3.6723
10.0340
9.9067
3.6241
0.6896
4.0603
26.6412
8.4066
1.0310
5.2503
14.6567
1.7496
1.0324
41.6395
7.4684
9.5282
3.9848
0.5155
1.3546
11.1149
1.0310
0.9373
8.5930
11.7058
30.4567
12.2673
0.1718
12.2977
1.8548
1.0124
9.1352
6.0947
0.0000
4.6239
10.5066
18.9564
20.1942
5.8437
59.2044
15.8951
5.5164
12.7342
5.7820
6.3129
7.5390
27.7887
56.7378
23.0960
3.0113
4.7531
7.9411
20.5385
1.5655
1.6691
3.6111
28.2141
37.1616
1.5292
15.0696
72.1887
15.4740
3.1130
0.3082
21.3944
1.4526
4.3676
29.0745
10.1710
12.5086
0.5058
5.3860
23.6315
1.1765
171.3903
4.2035
1.8938
32.6992
94.2075
44.7313
7.0504
6.3275
0.7370
1.8477
11.1025
2.3837
23.4027
8.6494
34.7790
0.4032
1.1122
0.3903
6.0342
7.2444
9.1856
4.6557
9.5008
3.0978
8.4897
6.6654
20.0088
1.6602
2.9335
30.7723
8.0662
2.6706
15.9894
2.1897
11.1592
20.7335
3.2941
5.4476
12.3040
1.5407
11.9381
15.8883
1.4747
1.9304
27.8508
6.6582
0.4325
6.7660
30.1070
6.3524
0.9407
26.9091
21.6960
8.7689
11.4867
5.7204
3.2215
0.6762
0.1562
0.3931
0.1546
6.1801
17.3044
0.3361
29.8736
55.1675
13.3249
19.0633
51.7392
9.3632
3.9953
3.7614
31.2170
20.8841
11.3676
33.2217
11.6942
4.5732
4.3286
10.3312
6.1788
11.8046
2.1556
37.0900
6.3547
7.4735
20.4158
16.4166
0.2656
0.3558
8.6743
33.0671
13.6617
5.6844
0.9597
1.0090
6.5088
38.6287
16.9254
4.1485
11.2950
23.8811
16.9499
4.9524
23.2187
0.1986
0.5904
4.9941
18.2146
0.6462
0.5755
24.0618
16.2257
3.4341
2.3488
4.5812
10.4982
4.3949
27.8511
1.6616
0.8151
7.4756
12.0931
17.7088
1.5388
2.9694
0.7240
5.3122
13.3941
10.1716
1.4600
5.5204
7.0088
1.1683
5.5059
17.7617
5.4970
1.3242
3.6415
13.6970
70.9335
2.3869
1.4756
5.7050
16.7104
45.6319
0.5572
1.5847
14.0002
3.9386
20.0664
0.7834
9.5013
5.8687
24.0056
6.7555
0.9991
20.9969
5.9388
2.0148
2.3845
9.0477
11.8161
2.3834
38.7698
0.1616
0.3125
21.0058
13.9210
56.8154
9.9958
5.6364
22.6905
16.6285
13.5097
11.4170
1.6298
2.1407
9.6198
4.5456
13.0003
12.0340
1.5549
2.2486
1.5152
57.9544
10.4977
5.7204
7.9381
7.5258
6.9610
1.1973
26.1624
19.8066
6.1193
10.2986
27.9909
8.4473
1.2271
2.0341
23.8358
3.2171
1.2077
0.7843
8.6756
1.4857
0.0453
0.6436
1.2169
0.7425
10.5474
16.8703
27.7454
2.8586
13.9722
20.4437
9.9715
3.0724
10.2382
14.3793
28.6272
0.9153
1.6774
194.9612
1.0617
0.4657
13.1247
8.4013
1.1928
4.7687
23.8465
2.6529
1.4027
31.9930
2.4231
0.8837
3.0436
10.9731
0.8815
0.6499
100.9361
16.4470
1.3708
13.6619
4.5816
0.5930
0.2084
7.8047
12.4849
3.3715
2.5366
14.0934
9.5697
0.7037
8.3082
12.2031
2.2718
23.3251
21.0392
25.4902
49.9189
17.4301
65.1369
4.4219
7.4392
21.6007
0.5637
3.6250
10.2419
39.4395
1.1668
26.0609
11.6391
66.1414
7.8261
4.4472
9.7717
11.9766
6.5701
9.0200
8.7921
1.2405
1.7093
0.6692
1.5819
41.6398
59.1444
2.1635
63.6599
3.1864
0.3432
11.6983
3.7481
0.6690
6.1517
4.4999
1.4905
0.3764
0.4389
14.5932
5.9054
7.2244
5.0752
10.3691
2.9542
10.2026
2.7179
1.0460
1.0964
16.6410
12.1563
32.5304
4.4208
13.5595
