0.4745
0.0312
0.1406
0.1093
0.0781
0.2343
0.0312
0.5217
0.2656
0.0312
0.8968
0.2187
0.1250
0.1406
0.0000
0.4686
0.0156
0.2809
0.0625
0.1562
0.1250
0.0781
0.0312
0.3280
0.3749
0.3280
0.3593
0.0156
0.0625
0.0625
0.0781
0.1875
0.5624
1.2341
0.3437
0.5794
0.0156
0.1093
0.3437
0.0625
0.0781
0.0781
0.0625
0.0000
0.4062
0.9060
0.0469
0.1875
0.2031
0.7654
0.2812
0.2187
0.1250
0.5311
0.0937
0.0625
0.2656
0.0000
0.2031
0.5794
0.0781
0.0937
0.8904
0.3593
0.0469
0.7811
0.4530
0.1406
0.1406
0.0781
0.3124
0.2656
0.1093
0.0937
0.1875
0.2343
0.0156
0.2499
0.1874
0.1719
0.2968
0.0781
1.4082
0.0469
0.0000
0.2968
0.1250
0.2499
0.0781
0.1093
0.1094
0.2812
0.9217
0.2343
0.1875
0.0937
0.1093
0.0156
0.2343
0.0000
0.0781
0.1562
0.0781
0.1406
0.7186
0.0313
0.3437
0.3682
0.2906
0.4374
0.7186
0.1250
0.0000
0.1562
0.0156
0.7174
0.6092
0.3749
0.0625
0.3280
0.0156
0.1718
0.0625
0.4999
0.0625
0.1562
0.4218
0.0781
0.2031
0.0156
0.1094
0.8771
0.1250
0.2031
0.0469
0.2656
0.5780
0.4062
0.0156
0.0312
0.5624
0.0781
0.1562
0.0156
0.0937
0.2500
0.2656
0.2812
0.0469
0.6717
0.4843
0.4686
0.1250
0.4218
0.5168
0.1093
0.2187
0.3280
0.0156
0.1562
0.3280
0.0156
0.0937
0.2187
0.7342
0.9373
0.0312
0.7967
0.0937
0.0469
0.0781
0.3280
0.7186
0.2968
0.3138
0.0937
0.3905
0.0781
0.0625
0.0312
1.2341
0.2343
0.0625
0.7186
0.1250
0.0469
0.0469
0.0156
0.0156
0.1875
1.7240
0.2656
0.0937
0.1093
0.0312
0.6050
0.2187
0.5623
1.9995
0.0937
0.0000
0.0000
0.0156
0.5624
0.1562
0.0000
0.1250
0.0312
0.5780
0.0156
0.2812
0.1875
0.2343
0.5340
0.0469
0.2812
0.0000
0.4686
0.4061
0.0937
1.6402
0.1093
0.6405
0.1874
0.4530
0.0312
0.0156
0.2343
1.0310
0.0312
0.0469
0.8294
0.0469
0.0156
0.0469
0.0469
0.0156
0.0469
0.0625
0.0625
0.0312
0.1406
0.0625
0.7186
0.2968
0.2031
0.0781
0.0625
1.1404
0.0469
0.5311
0.7186
3.0485
0.2187
0.6249
0.3864
0.0449
0.2733
0.2823
0.2743
0.3781
0.1093
0.0312
0.0781
0.0312
2.1380
0.1255
0.0000
0.3649
0.0080
0.1847
0.2274
0.0319
0.0988
0.5523
0.8320
0.7643
0.0781
0.3206
0.0589
0.0908
0.1083
0.2084
0.1915
0.2584
0.9078
0.0976
0.1693
0.1161
0.7775
0.0260
0.1287
0.9857
0.0592
0.0349
1.1862
0.1157
0.4675
0.2344
0.1566
1.7438
0.2091
0.0070
0.0011
0.0811
0.2523
0.5953
0.7792
0.2747
0.0000
0.1074
0.0300
0.1696
0.0898
0.0978
0.1400
0.8313
0.1616
0.0156
0.3016
0.0625
0.1253
0.5371
0.0470
0.0350
0.1257
0.6092
0.2710
0.1892
0.2500
0.3462
0.5600
1.4121
0.0322
0.1798
0.8470
1.1720
0.0819
0.1562
0.0156
0.0625
0.1302
0.0312
0.1406
0.6211
0.0156
0.0312
0.1267
0.0090
0.8210
0.3232
0.1482
0.1996
0.0781
0.0781
0.3070
0.8071
0.2284
0.0746
0.2812
0.5420
0.1669
0.3421
0.1829
0.2342
1.6856
0.1250
0.3436
0.0937
0.3124
0.0000
0.4741
0.7811
0.0625
0.3124
0.7377
0.7029
0.3124
0.2789
0.0312
2.4416
0.3436
0.6405
0.1875
0.7030
0.0312
1.0622
0.3777
0.1406
0.0625
0.2031
0.0000
0.6092
0.1718
0.2968
0.0625
2.0009
1.6559
0.4062
0.0312
0.2343
0.8748
0.0625
0.8592
0.3124
0.2343
0.0937
0.0781
0.2656
1.7930
0.0599
0.3536
0.5496
0.1237
0.0060
0.1990
0.6418
0.0329
0.6478
0.1549
0.1775
0.0389
0.0609
0.2968
0.0937
0.8123
2.8454
0.2187
0.0937
0.0469
0.8790
0.0528
0.1018
0.1646
0.3301
0.8087
1.2360
0.0469
2.1888
0.1250
0.6776
0.9801
0.1330
0.1569
0.3521
0.6415
0.0020
0.0020
0.0440
0.2830
0.2173
0.9449
0.4115
0.1546
0.1204
0.0469
0.0625
0.0469
0.0000
0.0000
0.3530
0.0937
0.2299
0.0793
0.0156
0.3335
0.1223
0.0313
0.1093
0.3756
0.0648
0.0327
0.2656
0.2462
0.1406
0.1154
0.2464
0.3900
0.0877
1.0175
0.2751
0.2928
0.0169
0.7274
0.0937
0.9864
0.2985
1.2518
0.9514
0.1396
0.0207
0.1093
0.0469
0.2113
0.4307
0.0060
0.1862
0.7806
0.3386
0.0156
0.4030
0.0000
0.1719
0.0983
0.0625
0.1215
0.7869
0.4429
0.0469
0.3377
0.0156
0.0469
0.2944
0.4631
0.0156
0.1217
0.5788
0.0937
0.8710
0.2889
0.5403
0.2858
0.0367
0.0732
0.5986
0.0625
0.0937
0.0290
1.2739
0.0469
0.3830
0.2610
0.1870
0.1890
0.2258
0.8865
1.0368
0.0312
0.2893
0.0649
0.2240
0.0120
0.0305
0.1915
0.4470
0.2594
0.1250
0.1250
0.0918
0.2358
0.0312
0.4247
0.1144
0.1749
0.0312
0.0156
0.3401
0.1250
0.0312
0.9180
0.4934
0.1372
0.0469
0.5060
0.0000
0.0156
0.0469
0.9094
0.4216
0.1895
0.9573
0.2234
0.4825
0.0156
0.2453
0.0000
0.3778
0.1774
0.3874
0.1250
1.1795
0.2516
0.0889
0.1718
0.0625
0.1155
0.2132
0.0469
0.1713
0.5543
0.0312
0.2007
0.2936
0.0553
0.0781
0.0893
0.2172
0.0156
0.3748
0.7242
0.2039
0.3752
0.0469
0.0980
0.2712
0.5699
0.3517
0.4823
0.0575
0.2922
0.1668
0.3178
0.2766
0.4134
0.2992
0.1406
0.0156
0.2133
0.7227
0.0469
0.4291
0.1562
0.1810
0.0156
0.0625
0.1718
0.1855
0.2065
0.0778
0.5104
0.0781
0.2768
0.0312
0.1094
0.0000
0.0437
0.0156
0.2682
0.0313
0.0312
0.1562
0.0156
0.0159
0.5116
0.6350
0.1333
0.0527
0.4595
0.0159
0.0733
0.0156
0.2757
0.1596
0.0859
0.2343
0.0312
0.1998
0.0156
0.0156
0.1718
0.3779
0.2777
0.6213
0.2452
0.5331
1.0660
0.0156
0.3023
0.3523
1.0993
0.1475
1.7046
0.1543
0.0619
0.5406
0.6229
0.2994
0.1783
0.1934
0.3027
0.0312
0.8521
0.3957
0.0156
1.2464
0.1885
0.3135
0.0469
0.3124
0.4999
0.0781
0.2968
0.3437
0.2376
0.0156
0.2343
0.2074
0.1406
0.2500
0.3280
1.1794
0.4374
0.1718
0.0625
1.4112
1.6871
2.1089
0.5624
0.3593
0.1250
0.3918
0.0781
1.0779
0.0625
0.0937
0.2187
0.3124
0.1093
2.1245
1.1247
0.2812
0.1250
0.0471
0.0324
0.4374
0.3437
0.0625
0.2187
0.2031
0.0937
2.1401
0.2031
0.2031
0.0625
0.8691
0.1406
0.0781
2.2384
0.0628
0.6387
0.5681
0.1407
0.9858
0.0207
0.0156
0.1845
0.3935
0.0937
0.1138
0.0156
0.3498
0.7781
0.5698
0.0625
0.2386
0.2947
0.0693
0.3460
0.0901
0.3903
0.0563
0.1406
0.0312
0.6115
0.0469
0.0625
0.0156
0.0312
1.2340
0.7072
0.0312
0.0469
0.0781
0.0156
0.2031
0.0937
0.2187
0.2656
0.0156
0.0156
0.0625
0.1093
0.0937
0.9373
0.2343
0.1250
0.3437
1.5635
0.2343
0.5155
0.0156
0.4530
0.2031
0.3905
1.6246
0.4530
0.2343
0.3280
0.2499
0.7030
0.1250
0.0469
0.0625
0.0156
0.0625
0.2201
0.1718
1.0623
0.0156
0.1093
0.0156
0.0469
0.1406
0.0937
0.4218
0.2499
0.2343
0.7186
0.2031
0.0156
0.4686
1.4372
0.2343
1.2354
0.0000
0.0156
0.5949
0.1406
0.0781
0.1093
0.0156
0.0937
0.0781
0.0937
0.4062
0.2031
0.2031
0.2656
0.0625
0.3124
0.3593
0.1562
0.0469
0.0156
0.1562
1.5957
0.5936
0.0469
0.0937
0.2031
0.0625
1.3903
0.1210
0.0280
0.2211
0.4115
0.0937
0.0469
0.0781
0.1718
0.3749
0.3437
0.3905
0.1875
0.0937
0.2968
0.0156
0.1406
0.3905
0.0937
0.4061
0.8435
0.4686
0.0781
0.4062
0.3280
0.0625
0.2968
0.0000
0.1250
1.9227
2.2807
0.2343
0.4686
0.0312
1.0935
0.0326
0.0000
1.8345
0.0156
0.0625
0.0000
0.2968
0.0156
3.1961
0.3437
0.0156
0.7498
0.1250
0.2968
0.2499
4.0129
0.0312
0.2187
0.1406
0.1094
0.0469
0.4810
0.0156
0.1792
0.2788
0.1054
0.3845
0.0625
0.2074
0.9306
0.1107
0.1423
0.0781
0.1155
0.0594
0.0329
0.0209
1.1341
0.1550
0.4427
0.7199
0.1700
0.3159
0.0312
0.4968
0.4909
0.4680
0.0594
0.3221
0.2908
0.1143
0.1068
0.3007
0.0000
1.1360
0.0170
0.0189
0.0798
0.2144
0.0339
0.1502
0.0156
0.3873
0.3704
1.9133
0.6934
0.0509
0.2723
1.2716
0.3124
0.4686
0.4167
0.5936
0.2343
0.0469
0.0312
0.7728
0.0156
0.1718
1.7922
0.1718
1.3434
0.0781
0.0312
0.0312
0.0781
0.6092
0.0937
0.4062
0.9529
0.0000
0.0312
0.1263
0.8904
0.0156
0.1094
0.1718
0.1562
0.5467
0.3280
0.2343
0.0469
0.0781
0.9060
0.3593
0.2343
0.2031
0.0937
0.2343
0.0312
0.0781
0.0625
0.0312
0.0781
