0.0312
0.0312
0.0672
0.0469
0.2343
0.0000
0.0625
0.0625
0.0000
0.1406
0.1250
0.0625
0.0000
0.3436
0.0625
0.0625
0.0156
0.0625
0.0312
0.0312
0.0625
0.0312
0.3749
0.0312
0.0312
0.0156
0.0000
0.1406
0.0313
0.0156
0.0312
0.1655
0.0000
0.1093
0.1094
0.0469
0.0312
0.0312
0.1562
0.0312
0.0469
0.0000
0.0156
0.0000
0.0468
0.0157
0.0937
0.4999
0.0156
0.0000
0.1093
0.0000
0.0156
0.0156
0.0469
0.0156
0.6717
0.2968
0.0469
0.0312
0.0625
0.1562
0.0312
0.0156
0.0000
0.0156
0.1718
0.0312
0.0156
0.1874
0.0469
0.5311
0.0312
0.0312
0.0156
0.0156
0.0312
0.0000
0.0156
0.0937
0.0312
0.0625
0.0156
0.0625
0.0625
0.0781
0.0625
0.0781
0.0312
0.0000
0.0781
0.0469
0.0312
0.0469
0.1406
0.0000
0.0312
0.1093
0.0469
0.1093
0.0781
0.0156
0.2031
0.2499
0.0156
0.0156
0.0625
0.0469
0.0469
0.0000
0.0354
0.0156
0.0156
0.0781
0.0156
0.0469
0.0312
0.0937
0.0781
0.0000
0.0000
0.0000
0.1875
0.1093
0.0000
0.0156
0.7262
0.0884
0.0000
0.0156
0.3749
0.0312
0.0937
0.0469
0.0625
0.0000
0.2343
0.0469
0.0312
0.0469
0.0000
0.1718
0.2499
0.0469
0.0156
0.0781
0.6248
0.0938
0.0625
0.0156
0.0312
0.0312
0.0312
0.1094
0.1406
0.0312
0.0469
0.0000
0.0312
0.0625
0.0156
0.1718
0.2343
0.0312
0.0781
0.6249
0.0312
0.0156
0.0781
0.0781
0.0156
0.1875
0.0950
0.1093
0.0312
0.1718
0.1875
0.0469
0.2343
0.7030
0.0156
0.1562
0.0625
0.0469
0.0312
0.0312
0.0937
0.0313
0.0781
0.1250
0.0000
0.2187
0.1142
0.0781
0.0000
0.2968
0.0312
0.0169
0.0090
0.0625
0.0000
0.0156
0.0156
0.2656
0.0469
0.1575
0.1718
0.0313
0.0000
0.0156
0.0312
0.0781
0.0156
0.0937
0.0156
0.0469
0.0312
0.0000
0.0156
0.0000
0.0625
0.0156
0.2187
0.0625
0.0312
0.2343
0.0000
0.1250
0.0000
0.0312
0.0625
0.0781
0.0312
0.0312
0.0312
0.0000
0.1094
0.1250
0.1094
0.0156
0.0469
0.0156
0.3437
0.0625
0.0312
0.0000
0.0625
0.0156
0.3124
0.0312
0.0312
0.0625
0.0469
0.0625
0.0000
0.0469
0.2343
0.0156
0.1093
0.0312
0.0156
0.0156
0.0156
0.2812
0.0000
0.0312
0.1106
0.0156
0.0625
0.0156
0.0312
0.0156
0.0000
0.2812
0.0156
0.0156
0.0625
0.0625
0.1093
0.0156
0.1094
0.0625
0.0000
0.0157
0.0000
0.0781
0.1093
0.0781
0.1094
0.0000
0.0000
0.0000
0.0469
0.0000
0.0156
0.0781
0.2507
0.0156
0.5467
0.0781
0.0312
0.0156
0.0000
0.1250
0.0156
0.0625
0.0781
0.2968
0.0000
0.0156
0.0156
0.0625
0.0312
0.0000
0.1406
0.0156
0.0156
0.0469
0.0469
0.3124
0.5467
0.0781
0.1094
0.0469
0.0781
0.0000
0.0469
0.0781
0.0000
0.1406
0.0469
0.1093
0.0469
0.0625
0.0156
0.0312
0.0156
0.0000
0.0156
0.0000
0.0312
0.2656
0.0312
0.0469
0.1094
0.0156
0.0312
0.0625
0.0469
0.1406
0.0781
0.0625
0.0937
0.0312
0.2812
0.0469
0.0781
0.2343
0.0312
0.0469
0.1250
0.0469
0.0781
0.0625
0.0625
0.0469
0.0156
0.0156
0.0469
0.0000
0.0312
0.0312
0.0156
0.1250
0.0469
0.2523
0.0781
0.1250
0.0312
0.0156
0.0156
0.0312
0.0469
0.0312
0.1250
0.0312
0.0469
0.0469
0.0156
0.0156
0.0312
0.1875
0.0781
0.0469
0.2656
0.0781
0.0937
0.0312
0.0000
0.1562
0.0937
0.0000
0.0312
0.0000
0.1093
0.1562
0.1562
0.0312
0.0937
0.1562
0.0312
0.0924
0.1406
0.0625
0.0312
0.0000
0.0156
0.0312
0.0312
0.1562
0.0156
0.0156
0.2343
0.0156
0.1875
0.0000
0.0312
0.0625
0.0469
0.0312
0.0000
0.1250
0.1406
0.0469
0.0781
0.0469
0.0156
0.0937
0.0156
0.0000
0.0000
0.0156
0.0156
0.0312
0.1093
0.0625
0.0781
0.0156
0.0000
0.0781
0.0781
0.0312
0.0156
0.2187
0.0156
0.0469
0.1093
0.1093
0.0156
0.1406
0.0156
0.0313
0.0781
0.0937
0.1562
0.0000
0.0312
0.0781
0.0937
0.0781
0.0312
0.0000
0.0156
0.1406
0.2031
0.0156
0.0000
0.0156
0.0625
0.0000
0.0156
0.0781
0.0781
0.0781
0.0469
0.1406
0.2812
0.2343
0.0312
0.0156
0.0625
0.0000
0.0781
0.3749
0.0156
0.0781
0.0469
0.0156
0.0625
0.0625
0.0000
0.0312
0.0804
0.0156
0.0469
0.0156
0.0469
0.0781
0.0000
0.0000
0.3280
0.3437
0.0469
0.0937
0.1093
0.0156
0.0469
0.3280
0.2968
0.1562
0.0313
0.0156
0.0937
0.0312
0.0000
0.0156
0.0000
0.0156
0.0312
0.5780
0.2968
0.1406
0.0156
0.0000
0.0937
0.0937
0.0156
0.0156
0.0156
0.4686
0.0937
0.0312
0.0937
0.0156
0.1562
0.0312
0.0781
0.0469
0.1250
0.2499
0.0156
0.0312
0.5780
0.0000
0.1718
0.2187
0.0781
0.1732
0.0000
0.1406
0.0312
0.0156
0.0625
0.0625
0.0000
0.0000
0.0469
0.1093
0.0156
0.0312
0.0156
0.1093
0.0156
0.1562
0.0000
0.2187
0.4843
0.1874
0.2031
0.0000
0.0000
0.0156
0.0937
0.0156
0.0156
0.0937
0.0156
0.0312
0.1784
0.1686
0.0000
0.0156
0.0625
0.1406
0.0469
0.0592
0.1250
0.0156
0.0156
0.1875
0.1562
0.0156
0.0000
0.0937
0.0156
0.0156
0.0781
0.0469
0.0625
0.1093
0.0625
0.0625
0.0156
0.0156
0.5467
0.0279
0.2275
0.0469
0.0170
0.0485
0.1406
0.0156
0.0625
0.0312
0.0156
0.0781
0.0469
0.1406
0.0156
0.6873
0.1250
0.1875
0.0000
0.0312
0.0312
0.0000
0.0312
0.0000
0.3905
0.0313
0.0625
0.0625
0.0313
0.0312
0.0312
0.0312
0.0469
0.0156
0.0156
0.0707
0.0938
0.0156
0.0000
0.0156
0.1093
0.0156
0.0312
0.0000
0.0000
0.0469
0.0312
0.0000
0.4218
0.0469
0.0156
0.1094
0.0625
0.0781
0.2187
0.0000
0.0625
0.1093
0.1875
0.0469
0.1562
0.3124
0.0000
0.0937
0.0156
0.0312
0.5102
0.0312
0.0313
0.0312
0.1093
0.2968
0.1406
0.0781
0.0000
0.0312
0.0000
0.0937
0.0937
0.0625
0.0781
0.0312
0.0781
0.0312
0.0781
0.0156
0.0156
0.1250
0.0312
0.0156
0.0156
0.0625
0.0312
0.0156
0.0220
0.0938
0.1562
0.1718
0.1093
0.0312
0.0156
0.0156
0.1406
0.0469
0.0156
0.0000
0.0156
0.0156
0.3749
0.0000
0.0625
0.2031
0.0156
0.0469
0.0469
0.0156
0.0156
0.1406
0.0469
0.0156
0.1874
0.4062
0.0156
0.0156
0.0781
0.0625
0.0156
0.0469
0.0156
0.1093
0.0156
0.0156
0.0781
0.0312
0.0781
0.0156
0.2968
0.0000
0.0781
0.0156
0.0469
0.0781
0.0000
0.0156
0.1562
0.0313
0.1406
0.0156
0.0312
0.0000
0.1562
0.1250
0.0312
0.0000
0.0781
0.0156
0.0625
0.1406
0.0469
0.0312
0.0312
0.0000
0.3280
0.5468
0.0469
0.0312
0.1093
0.0781
0.0000
0.0781
0.0156
0.0469
0.1743
0.0000
0.0469
0.0156
0.0156
0.0312
0.0469
0.0469
0.0156
0.2812
0.0156
0.0156
0.1250
0.0625
0.0781
0.1250
0.0469
0.0000
0.0625
0.0156
0.0156
0.0156
0.2812
0.0312
0.0469
0.0469
0.0468
0.0156
0.0000
0.2343
0.0156
0.0781
0.0156
0.0000
0.0156
0.0625
0.2968
0.2343
0.0000
0.0000
0.0469
0.0937
0.0625
0.0469
0.2964
0.0000
0.5624
0.1093
0.0000
0.0469
0.1094
0.0312
0.1093
0.1875
0.0781
0.6092
0.0469
0.2031
0.0312
0.0156
0.0000
0.0156
0.0156
0.5311
0.0156
0.0156
0.0959
0.0000
0.1250
0.0156
0.1250
0.1250
0.4686
0.1093
0.0313
0.0000
0.0781
0.0625
0.0156
0.0156
0.0000
0.0469
0.0781
0.0312
0.1668
0.0100
0.3156
0.0312
0.0000
0.0156
0.0469
0.0937
0.0469
0.0312
0.2187
0.0937
0.0156
0.0000
0.0312
0.0312
0.0156
0.4217
0.0156
0.0781
0.0156
0.0781
0.0469
0.0625
0.0156
0.0937
0.0469
0.0312
0.0156
0.0156
0.5467
0.0937
0.0781
0.0156
0.0000
0.0469
0.1093
0.0312
0.0312
0.0312
0.0469
0.1406
0.1406
0.0312
0.0781
0.3124
0.3749
0.0469
0.0937
0.0312
0.0000
0.1562
0.0156
0.3138
0.0000
0.0469
0.0156
0.0312
0.2499
0.0312
0.0469
0.0156
0.1250
0.0781
0.0312
0.0000
0.0000
0.0312
0.0000
0.2968
0.0469
0.0937
0.0469
0.0000
0.1094
0.1093
0.0156
0.0469
0.0000
0.0000
0.0937
0.0781
0.0000
0.0000
0.0000
0.0312
0.2187
0.0156
0.0937
0.4155
0.1718
0.0625
0.0312
0.0312
0.1156
0.0312
0.0781
0.0312
0.0625
0.0625
0.0156
0.2968
0.0000
0.0312
0.0781
0.2656
0.0937
0.1718
0.1250
0.0000
0.0156
0.0625
0.0000
0.0625
0.0000
0.2343
0.0312
0.0469
0.0625
0.2968
0.0000
0.2656
0.1562
0.0625
0.0625
0.1718
0.0469
0.0625
0.2968
0.0000
