0.0380
0.0000
0.0156
0.0000
0.0156
0.0000
0.0272
0.0625
0.0781
0.0156
0.0156
0.0156
0.0000
0.0000
0.0313
0.0469
0.0000
0.0469
0.0156
0.0000
0.0625
0.0000
0.0156
0.0469
0.0156
0.0156
0.0156
0.0156
0.0156
0.0156
0.0156
0.0156
0.0000
0.0156
0.0156
0.0000
0.0000
0.0156
0.0000
0.0000
0.0000
0.2968
0.0000
0.0625
0.0312
0.0156
0.0000
0.0000
0.0314
0.0112
0.0156
0.0000
0.0312
0.0000
0.0156
0.0156
0.0625
0.0469
0.0000
0.0156
0.0000
0.0156
0.0469
0.0156
0.0000
0.0937
0.0000
0.0156
0.0625
0.0156
0.0156
0.0312
0.0312
0.0156
0.0312
0.0156
0.0156
0.0000
0.0156
0.0312
0.0312
0.0156
0.0000
0.0156
0.0312
0.0000
0.0000
0.0156
0.0312
0.0156
0.0156
0.0625
0.0000
0.0312
0.0156
0.0000
0.0156
0.0156
0.0312
0.0156
0.0000
0.0000
0.0156
0.0312
0.1406
0.1093
0.0000
0.0156
0.0000
0.0312
0.0000
0.0000
0.0156
0.0156
0.0000
0.0000
0.0312
0.0156
0.0156
0.0156
0.0000
0.0000
0.0156
0.0156
0.0000
0.0625
0.0000
0.0781
0.0000
0.0156
0.0156
0.0000
0.0000
0.0313
0.1562
0.0156
0.0156
0.0156
0.0000
0.0156
0.0625
0.0000
0.0156
0.0000
0.0000
0.0000
0.0000
0.0000
0.0156
0.0313
0.0000
0.0312
0.0000
0.0156
0.0469
0.0000
0.0625
0.0781
0.0156
0.0312
0.0000
0.0156
0.0156
0.0000
0.0156
0.0000
0.0000
0.2968
0.0156
0.0156
0.0156
0.0156
0.0000
0.0312
0.0000
0.0000
0.0000
0.0156
0.0156
0.0000
0.0000
0.0156
0.0000
0.0000
0.0312
0.0000
0.0000
0.0312
0.0156
0.0000
0.0937
0.0156
0.0000
0.0156
0.0000
0.0156
0.0156
0.0156
0.0156
0.0156
0.0000
0.0937
0.0000
0.0000
0.0156
0.1250
0.1718
0.0156
0.0156
0.0312
0.0000
0.0313
0.0156
0.0156
0.0156
0.0000
0.0312
0.0156
0.0000
0.0156
0.0156
0.0625
0.0156
0.0000
0.0000
0.0000
0.0156
0.0000
0.0625
0.0156
0.0000
0.0156
0.0156
0.0000
0.0156
0.0156
0.0469
0.0781
0.0156
0.0000
0.0156
0.0000
0.0156
0.0937
0.0156
0.0000
0.0156
0.0156
0.0312
0.0156
0.0156
0.0000
0.0000
0.0000
0.0000
0.0000
0.0156
0.0000
0.0000
0.0000
0.0000
0.0312
0.0156
0.0000
0.0156
0.0625
0.0000
0.0000
0.0156
0.0000
0.0156
0.0312
0.0156
0.0000
0.0156
0.0000
0.0000
0.0156
0.0000
0.0156
0.0312
0.0625
0.0352
0.0312
0.0000
0.0156
0.0000
0.0156
0.0156
0.0156
0.0156
0.0000
0.0312
0.0000
0.0156
0.0156
0.0156
0.0000
0.0425
0.0022
0.0157
0.0156
0.0156
0.0156
0.0000
0.0156
0.0000
0.0156
0.1093
0.0469
0.0000
0.0156
0.0000
0.0468
0.0000
0.0000
0.0000
0.0000
0.1406
0.0000
0.0000
0.0000
0.0156
0.0000
0.0313
0.0156
0.0000
0.0156
0.0156
0.0625
0.0000
0.0313
0.0000
0.0312
0.0000
0.1250
0.0156
0.0000
0.0156
0.0000
0.0000
0.0000
0.0312
0.0000
0.0312
0.0000
0.0156
0.0156
0.0000
0.0000
0.0156
0.0000
0.0000
0.0156
0.0000
0.0312
0.0000
0.0000
0.0156
0.0156
0.0156
0.0000
0.0156
0.0156
0.0156
0.0000
0.0156
0.0156
0.0156
0.0469
0.2031
0.0469
0.0000
0.0000
0.0469
0.0000
0.0156
0.0000
0.0469
0.0156
0.0312
0.0156
0.0000
0.0156
0.0156
0.0469
0.0000
0.0156
0.0157
0.0312
0.0156
0.0000
0.0000
0.0469
0.0000
0.0000
0.0312
0.0156
0.0000
0.0000
0.0000
0.0000
0.0469
0.0312
0.0156
0.0000
0.0156
0.0000
0.0156
0.0000
0.0000
0.0156
0.0312
0.0000
0.0312
0.0000
0.0469
0.0156
0.0156
0.0156
0.0000
0.0156
0.0156
0.0156
0.0716
0.0239
0.0040
0.0031
0.0156
0.0157
0.0156
0.0312
0.0000
0.0156
0.0156
0.0156
0.0156
0.0312
0.0000
0.0312
0.0000
0.0625
0.0781
0.0156
0.0000
0.0000
0.0312
0.0985
0.0156
0.0469
0.0469
0.1093
0.0156
0.0000
0.0000
0.0000
0.0000
0.0156
0.0000
0.0469
0.0312
0.0156
0.0156
0.0156
0.0000
0.0156
0.0000
0.0156
0.0156
0.0156
0.0312
0.0156
0.0156
0.0000
0.0000
0.0625
0.0000
0.0000
0.0156
0.0313
0.0312
0.0000
0.0000
0.0157
0.0000
0.0156
0.0312
0.0312
0.0156
0.0156
0.0156
0.1093
0.0000
0.0937
0.0000
0.0312
0.0156
0.0000
0.0156
0.0312
0.0000
0.0000
0.0313
0.0156
0.0156
0.0312
0.0156
0.0156
0.0156
0.0000
0.0000
0.0156
0.0000
0.0156
0.0000
0.0156
0.0156
0.0000
0.0156
0.0313
0.0000
0.0156
0.0156
0.0000
0.0000
0.0156
0.0000
0.0156
0.0000
0.0469
0.0156
0.0312
0.0000
0.0312
0.0000
0.0312
0.0156
0.0000
0.0000
0.0312
0.0312
0.0000
0.0000
0.0156
0.0000
0.0000
0.0156
0.0312
0.0156
0.0000
0.0469
0.0156
0.0313
0.0000
0.0156
0.0781
0.0469
0.0781
0.0781
0.0156
0.0794
0.0156
0.0000
0.0000
0.0937
0.0312
0.0156
0.0312
0.0000
0.0156
0.0156
0.0000
0.0156
0.0156
0.0156
0.0000
0.0156
0.0625
0.0000
0.0156
0.0937
0.0000
0.0156
0.0000
0.1093
0.0781
0.0156
0.0625
0.0000
0.0156
0.0312
0.0156
0.0312
0.0000
0.0313
0.0469
0.0156
0.0156
0.0000
0.0156
0.0312
0.0000
0.0156
0.0156
0.0000
0.0000
0.0156
0.0000
0.0312
0.0000
0.0312
0.0156
0.0625
0.0000
0.0156
0.0000
0.0156
0.0156
0.0000
0.1874
0.0157
0.0156
0.0000
0.0156
0.0781
0.0000
0.0469
0.0312
0.0000
0.0000
0.0000
0.0000
0.0312
0.0156
0.0000
0.0625
0.0156
0.0156
0.0156
0.0156
0.0156
0.0000
0.0156
0.0156
0.1406
0.0156
0.0156
0.0156
0.0156
0.0312
0.0469
0.0000
0.0156
0.0000
0.0000
0.0625
0.0312
0.0469
0.0000
0.0469
0.0312
0.0312
0.0156
0.0000
0.0312
0.0000
0.0156
0.0000
0.0156
0.0937
0.0000
0.0312
0.0156
0.0000
0.0000
0.0156
0.0312
0.0156
0.0156
0.0312
0.0156
0.0000
0.0000
0.0156
0.0156
0.0313
0.0156
0.0156
0.0156
0.0156
0.0781
0.0156
0.0156
0.0000
0.0312
0.0000
0.0000
0.0156
0.0781
0.0156
0.0312
0.0000
0.0781
0.0625
0.1562
0.0000
0.0156
0.0937
0.0000
0.0156
0.0000
0.0156
0.0000
0.0000
0.1107
0.0000
0.0625
0.0156
0.0156
0.2031
0.0312
0.0937
0.0156
0.0781
0.0000
0.0000
0.0000
0.0156
0.0000
0.0000
0.0469
0.0156
0.0000
0.1718
0.0000
0.0000
0.0469
0.0156
0.0000
0.0469
0.0156
0.0000
0.0156
0.0000
0.0000
0.0156
0.0157
0.0156
0.0000
0.0000
0.0156
0.0469
0.0156
0.0000
0.0156
0.0313
0.0156
0.0156
0.0000
0.0000
0.0156
0.0312
0.0000
0.0405
0.0071
0.0156
0.0469
0.0156
0.0000
0.0000
0.0156
0.0000
0.0469
0.0000
0.0000
0.0000
0.0156
0.0781
0.0000
0.0000
0.0156
0.0156
0.0156
0.0000
0.0156
0.0000
0.0937
0.0625
0.0000
0.0937
0.0000
0.0156
0.0312
0.0000
0.0000
0.0156
0.0156
0.0000
0.0000
0.0000
0.0000
0.0156
0.0469
0.1718
0.0157
0.0000
0.0312
0.0000
0.0156
0.0156
0.0156
0.0156
0.0000
0.0312
0.0312
0.0156
0.0312
0.0156
0.0156
0.1093
0.0156
0.0156
0.0000
0.0156
0.0156
0.0000
0.0156
0.0156
0.2343
0.0312
0.0000
0.0000
0.0156
0.0156
0.0156
0.0156
0.0000
0.0156
0.0312
0.0469
0.0000
0.0625
0.0625
0.0156
0.0156
0.0000
0.0625
0.0000
0.0000
0.0469
0.0156
0.0156
0.0312
0.0156
0.0156
0.0312
0.0000
0.0156
0.0156
0.1093
0.1874
0.0469
0.0000
0.0156
0.0000
0.0156
0.0000
0.0938
0.0156
0.0000
0.0312
0.0000
0.0468
0.0469
0.0156
0.0000
0.0156
0.0156
0.0781
0.0625
0.1250
0.0156
0.0000
0.0156
0.0000
0.0156
0.0000
0.0000
0.0156
0.0000
0.0000
0.0156
0.0000
0.0625
0.0156
0.0312
0.0469
0.0000
0.0156
0.0156
0.0000
0.0000
0.0000
0.0000
0.0156
0.0156
0.0000
0.0000
0.0781
0.0156
0.0156
0.0000
0.0312
0.0156
0.0000
0.0000
0.0469
0.0156
0.0000
0.0156
0.0156
0.0000
0.0156
0.0156
0.0156
0.0000
0.0625
0.0312
0.0000
0.0156
0.0000
0.0000
0.0000
0.0156
0.0156
0.0156
0.0469
0.0000
0.0156
0.0000
0.0000
0.0156
0.0156
0.0000
0.0625
0.0000
0.0156
0.0000
0.0156
0.0312
0.0937
0.0156
0.0156
0.0312
0.0312
0.0469
0.0937
0.0000
0.0156
0.0156
0.0156
0.0000
0.0000
0.0156
0.0938
0.0000
0.0625
0.0000
0.0312
0.0312
0.0349
0.0156
0.0156
0.0312
0.0625
0.1250
0.0156
0.0312
0.0156
0.0156
0.0156
0.0312
0.0000
0.0000
0.0000
0.0625
0.0000
0.0156
0.0000
0.0000
0.0156
0.0156
0.0469
0.0156
0.0000
0.0156
0.0156
0.0156
0.0000
0.0312
