1.4853
0.1406
0.1562
1.7184
1.1403
0.2825
0.3593
1.2497
1.1248
1.7612
0.0937
1.9425
0.0156
0.2187
0.2031
1.3604
0.5467
1.2809
0.2812
1.2653
0.7186
0.2187
0.1093
1.3448
2.2807
11.0018
0.2812
0.4686
1.2341
1.7496
2.5492
0.2812
0.2031
1.2171
0.1875
0.0312
1.2184
0.2812
0.6249
0.1562
3.0328
0.4686
0.7967
0.9373
0.0469
0.0781
0.7967
2.5325
2.0620
5.2667
0.2343
1.5152
0.6093
1.8745
2.9382
0.7621
0.4407
3.3633
0.4374
1.1091
0.9542
3.0006
4.1565
0.9685
1.1560
0.4218
0.2656
1.3434
3.6732
0.1992
0.6396
8.1247
3.9269
0.9529
0.1250
0.1875
2.8601
2.3276
0.0625
1.2497
0.1875
0.0156
0.3616
3.3739
1.3903
0.1406
2.2963
0.3124
1.3603
2.9680
0.6561
1.1560
0.5311
2.1103
0.9989
2.6606
1.0521
0.8748
0.1875
1.4953
2.0321
0.8436
0.5780
1.3903
0.8436
0.4530
7.0231
0.9529
0.7342
0.5646
9.8193
0.9997
0.7030
1.2863
1.4650
0.9373
0.6873
0.9529
0.1562
0.6717
2.1884
0.0157
8.4213
1.2810
1.0011
1.0935
5.4547
0.0156
0.1562
1.8914
0.8748
2.7204
0.0156
1.5153
3.5006
0.2656
1.4684
3.5304
4.2816
3.4390
1.2263
1.3507
2.1870
1.1560
0.7655
3.6415
5.5635
1.1403
0.1875
9.0007
0.6092
2.0151
3.4537
1.8902
8.5310
0.1094
1.4854
0.2031
0.4218
0.0937
2.1403
0.0625
0.7498
0.6249
1.5323
0.3437
0.4374
7.2340
0.0312
1.2497
0.4218
0.0000
1.2921
0.2812
1.0540
1.6402
1.0154
2.3155
5.9646
0.5729
0.2634
3.0343
0.1406
0.8904
0.0937
2.4383
1.3591
1.8902
10.6731
4.7273
0.7630
6.7775
0.0000
0.8279
0.6717
1.6573
1.7340
1.2028
3.4069
3.6313
6.3947
2.2518
0.3437
1.7340
0.5804
0.9060
8.1270
0.4374
5.1252
0.0781
2.1245
0.1875
0.1094
0.2031
1.8746
1.0779
0.3606
0.9841
0.3906
0.9373
0.3749
1.5621
2.7660
0.5624
3.7647
2.0634
0.2499
1.2653
1.5934
1.6573
0.0781
0.1719
3.0149
0.0937
1.3591
0.3749
4.9690
0.2187
2.2405
0.1250
0.7220
1.0765
0.4372
1.6728
0.0156
1.3042
0.1562
5.0428
0.3594
0.1379
4.4536
1.2743
11.8490
0.3608
0.5762
0.2470
1.0502
1.3220
0.2656
4.3078
5.2204
2.0151
1.5465
3.5787
1.8589
24.0490
0.0156
1.2341
3.6085
6.1874
1.9550
0.3590
0.1406
0.0469
0.4374
1.5621
2.1726
0.9373
2.9054
0.4218
0.9997
3.1890
0.4999
0.1718
0.4062
1.0310
0.5647
3.3131
0.1406
0.8279
0.8279
2.1401
6.4997
8.6886
2.6121
1.4684
1.7652
3.5327
2.2821
0.7342
0.0469
0.8123
2.7025
1.6425
0.0469
3.6862
0.5780
3.0016
2.3454
0.1093
1.8027
0.0937
0.3111
2.5864
7.3344
1.7496
0.0937
3.4848
0.4374
1.4528
2.5319
0.1406
1.5153
1.3839
0.9998
0.1093
4.0340
0.2343
4.3681
0.2104
1.7069
0.7655
1.2497
1.7027
0.4085
2.7962
1.8589
3.1569
1.1716
0.7030
2.3768
0.0312
5.9384
1.2185
2.8439
1.4117
0.1909
0.2786
0.1250
1.4131
0.4999
1.2028
10.4387
33.3003
1.4997
0.4374
5.4876
3.4214
15.4233
2.7360
0.5624
1.0779
0.2506
1.5777
0.1875
0.3124
0.0156
0.7393
0.0312
1.4719
0.9192
1.5152
4.7989
1.4519
2.7839
0.3593
2.9501
0.1180
0.2688
16.1141
1.1377
0.0781
0.9085
1.0182
0.7342
3.2381
6.1386
1.0779
0.6249
1.5010
0.3124
0.9998
1.5621
0.8904
0.5936
1.1114
0.7342
0.8904
1.2028
0.0625
0.1406
0.0781
1.0622
0.0937
1.5641
0.2499
0.0937
0.0312
0.2031
0.0000
0.3437
2.4994
0.3125
1.0154
0.1093
3.6263
0.1250
1.4528
7.0163
3.3912
3.8452
1.4059
0.5936
1.2337
3.8142
1.0310
0.2522
3.2581
0.1970
0.2655
1.2809
0.6405
6.2974
3.2515
1.6402
0.8748
4.7815
0.2968
0.2187
0.6874
0.0937
1.4840
0.9217
0.7721
2.2026
1.5479
0.8246
0.7186
2.1767
1.8741
3.3586
0.3436
0.1562
3.9077
3.7514
3.8061
0.0312
0.3905
0.3906
0.9373
0.2031
1.7808
1.8300
4.8426
2.5184
0.8748
0.9832
3.3454
0.2812
0.1562
1.1872
0.9529
0.1718
10.6262
1.3747
0.1718
1.1716
0.0156
0.0937
0.0469
0.6749
3.5474
0.2968
1.0154
1.5005
0.1718
0.5623
0.3124
0.5467
0.3593
2.0634
0.6248
0.7498
0.9529
0.2812
0.7967
3.5479
1.1872
1.2365
0.2031
1.9045
0.3124
0.1562
0.9217
2.4057
8.5007
1.2653
0.6209
1.9990
5.0647
0.3437
0.4530
1.5020
1.0154
2.1415
8.3119
8.5060
3.1422
1.7027
0.1718
0.8440
0.1875
2.1102
0.1874
0.2656
5.3136
1.2810
1.1091
0.5780
0.9373
0.7811
0.2367
1.1872
2.3276
2.1892
0.1250
2.0464
0.2031
3.8783
0.0000
2.7812
1.0001
0.7498
1.2185
0.4230
2.8899
2.1714
0.2343
1.1886
1.5152
30.1430
0.5624
3.3921
4.3115
0.9217
2.1737
0.4217
0.0156
1.5316
1.9164
1.1559
0.1250
0.0781
0.0937
1.0935
0.9699
0.3280
2.5004
0.1250
8.5075
0.9373
0.4686
0.4530
1.0623
6.0780
7.5859
0.1719
0.0937
1.0466
0.0469
0.5804
0.5936
7.5295
5.0783
1.0779
0.2656
0.5013
1.2185
12.6099
0.4999
3.1569
0.9841
3.8920
0.2499
14.3613
0.0000
0.5155
0.0781
5.8698
0.1093
2.2144
2.1144
0.2656
3.0148
0.8279
0.7654
0.9998
1.5465
13.3493
3.2350
0.0781
1.6416
1.3248
0.2812
0.5155
0.8148
2.2963
0.7029
0.9685
2.7048
2.2199
0.3124
0.4530
1.4528
0.2343
0.0312
0.1094
0.0156
0.6561
0.6873
0.0625
0.0937
0.5490
1.9214
0.1406
1.5621
4.7994
0.7989
0.0781
0.5780
1.0779
22.6838
2.7048
0.8436
2.0308
2.1804
1.7997
0.6557
0.4218
1.9756
0.2187
4.0093
1.3195
0.2343
0.2499
1.7131
0.1093
5.9925
1.7652
1.8746
3.9387
1.1247
2.1401
3.7105
2.4944
1.2218
0.2812
0.7029
1.9215
4.2356
0.0469
0.4843
0.0937
1.3434
0.3280
0.9373
0.3593
0.3280
7.0176
3.0774
3.2831
3.0013
0.3124
0.7654
1.5309
0.0625
1.4684
5.1721
1.0954
0.0937
0.0937
0.2499
0.3905
2.0620
0.9387
0.6092
0.9842
0.0000
1.8060
0.3280
0.8280
1.0238
1.0010
2.7493
2.8165
1.4840
0.3593
1.5236
0.0625
1.8340
0.7375
0.0312
0.2655
0.4843
3.6231
0.0781
1.0022
1.5933
0.6092
5.2032
1.7184
5.8593
0.3593
0.0469
0.0156
0.1875
0.1719
0.0625
0.8435
1.0222
4.3602
0.0405
1.2841
1.2042
4.5614
0.1406
0.5467
0.9542
0.1562
1.0466
1.0636
0.3124
1.1091
0.1875
1.2364
0.2812
1.4371
1.6403
0.4217
2.4030
0.8791
2.2651
2.7669
0.1562
3.5148
0.6405
4.0317
3.2180
0.5646
5.7014
3.9380
0.1093
0.9841
2.6868
1.1560
2.8746
3.7974
0.3437
2.5164
1.3590
1.5636
0.9685
0.6092
0.1093
5.1248
0.2343
2.2834
2.3901
0.3749
0.2968
0.7811
0.1718
0.1562
0.6561
0.3124
0.1562
2.0672
1.2185
1.3747
0.2812
1.7542
0.3905
3.7038
8.1084
2.1557
0.0000
0.0639
0.3593
0.1718
0.2968
0.3124
0.6717
0.1250
1.4684
0.0469
4.9230
1.2341
0.1093
0.7030
7.1590
1.0197
0.0156
2.8249
0.2656
0.1406
1.3591
0.3280
4.7660
0.0937
0.2656
3.3327
0.7342
2.9068
0.1875
1.1872
2.3362
0.6561
3.2180
0.4218
0.2968
0.0312
1.2677
1.4083
3.2032
0.0469
1.2185
3.3140
14.5624
1.9560
0.9841
7.4854
0.7972
1.7402
1.3435
0.0156
0.0937
1.6715
1.3747
5.5880
0.1875
0.0000
0.1718
1.4143
0.2343
0.2187
1.3122
1.4371
1.2185
2.0991
9.9862
0.6546
5.3303
0.6563
1.7480
1.0972
2.6087
0.0312
0.1733
0.3905
7.0778
2.8922
2.8543
0.0781
1.4215
0.9074
0.2187
0.3124
0.4218
7.5515
1.0466
2.3769
0.0469
1.7496
0.0156
2.6111
0.0312
6.5583
2.2377
2.9935
1.1872
1.9610
3.9298
0.7342
0.5706
0.9529
4.5949
0.8436
5.2227
1.7899
0.3124
0.3905
1.0821
0.0312
0.2656
1.4684
3.4231
0.2656
2.5463
1.2028
1.8925
0.7498
0.3124
0.6974
0.6249
2.1611
1.1716
0.1562
13.6255
0.2500
0.1250
2.0643
3.5174
10.4383
0.0469
0.3124
0.0312
1.1404
0.2343
10.6573
2.7025
2.6271
3.7946
1.0658
7.3375
2.4234
0.9582
1.0935
1.0466
5.1260
0.5155
2.1043
1.2185
0.3593
5.1723
2.4057
0.9935
2.2900
0.2187
1.9453
0.4217
0.7811
4.9080
0.9373
0.0312
0.8279
1.9081
1.6246
15.4017
0.0000
0.3906
0.1718
0.0000
0.1875
1.0466
1.7965
5.8437
0.7342
1.1260
1.6871
0.3749
0.0469
3.3117
0.4999
5.6544
3.5431
2.3167
1.0210
13.9805
0.5936
0.7654
0.3906
8.2684
0.0625
1.8485
1.0445
0.3588
0.9739
0.9489
1.6238
0.7030
3.9701
1.5934
0.6310
0.2656
3.5553
0.5155
1.2497
3.3140
1.2341
1.1929
