9.2015
75.2814
4.5269
200.3009
17.3507
333.9029
73.6327
70.0449
37.1586
133.8323
61.4923
23.7834
48.1836
116.2253
53.0751
16.3165
17.9530
188.5236
32.6937
211.5925
47.5009
269.7417
46.2730
53.1218
61.4946
17.8336
0.2165
250.2022
93.2546
96.5517
36.0534
8.0017
1.0957
68.3530
18.7508
18.4355
237.2030
2.8277
4.8178
228.1882
3.0292
92.9104
95.8112
2.2669
275.1093
79.1537
57.7814
15.6689
37.9675
50.5192
41.0303
5.6357
137.0292
33.3967
23.6615
2.8002
28.3298
42.2954
156.6587
128.0145
1.0344
245.8775
32.4968
8.2919
197.1524
11.8415
219.8828
16.1658
23.1851
37.5065
234.9620
295.7838
44.8487
96.9043
36.8965
216.1002
66.5352
8.4374
71.2327
62.4938
385.7972
1.0848
40.7577
8.9865
5.2850
190.7174
46.5154
5.8890
162.9132
5.1987
88.9790
16.5098
153.4210
7.6668
85.9664
97.7651
207.0520
8.0317
11.5687
98.9353
0.4623
112.5913
17.3023
32.4770
113.8350
64.1827
196.2343
32.6599
60.1103
54.6973
3.1156
314.3185
46.8685
135.3274
62.8195
8.1763
156.1118
52.7050
7.9791
8.4215
25.3096
122.2916
30.3845
31.8640
17.2616
39.3188
0.0937
37.6163
48.5421
180.2796
9.5644
23.2857
19.5110
20.8976
25.6020
61.5369
3.1370
10.7230
8.0174
78.5245
24.3993
9.3092
70.9976
35.6202
47.7470
80.5716
62.8631
38.5877
43.1830
15.8839
3.6106
20.4810
3.0086
105.5852
62.4321
415.9423
113.5861
4.2815
18.5237
42.0861
63.8476
45.7367
14.2727
42.7940
7.4947
19.8085
82.8950
6.1564
28.5494
10.9921
41.4551
1.0852
42.0525
63.6469
3.0249
108.6557
74.4513
15.1789
5.5080
20.8767
2.5309
27.2725
28.5975
23.7877
18.2510
64.7779
146.1074
130.5699
231.0143
50.0401
77.3793
10.3253
149.6772
58.8311
46.2924
125.1036
22.0963
12.4473
55.3404
1.0881
62.1257
35.6154
27.5115
130.6722
9.8987
6.5349
99.9838
68.5380
430.8399
0.7996
5.2162
20.6324
7.4828
68.0494
51.1706
58.5188
0.0312
179.8755
54.5866
108.8646
18.8188
31.7531
60.7349
16.0248
81.7926
107.6385
20.5302
79.1758
92.5016
13.6840
139.0215
8.6261
29.5933
106.0487
184.6450
1.8651
74.8274
13.8148
259.2710
19.0182
23.7442
48.0274
6.3213
88.0431
102.7563
11.7680
129.3144
39.1474
70.4621
4.5041
2.7367
172.9448
45.8047
97.4731
61.9647
7.0589
102.7242
1.1112
70.6558
5.2326
34.5151
74.7485
36.3601
8.4778
6.7409
59.2993
35.9468
10.8323
181.2172
205.2489
271.5962
60.0479
26.9823
7.7860
25.1561
187.5246
233.6961
276.5902
25.7103
21.5821
211.8703
27.1877
39.4354
517.2239
119.8634
200.0116
22.8109
5.5832
75.3685
248.1579
0.3132
1.7865
2.7299
73.4655
51.1489
49.6872
52.6779
86.7732
90.7171
80.3011
148.8572
76.4269
8.7566
11.5349
177.1507
29.9764
62.6170
3.7623
20.7487
58.8578
11.1971
21.8657
92.9351
46.5325
39.5068
93.8973
153.7735
25.0861
0.8620
119.9294
29.8807
51.3580
110.3319
29.3538
46.4414
62.5031
106.0170
13.1707
106.2449
91.3910
215.4757
24.8680
120.5222
56.1444
63.4639
76.9650
40.8697
62.9018
24.9446
9.1520
40.3828
55.2518
98.3174
263.0606
7.3479
309.2449
45.5289
65.7914
140.9022
84.3045
12.4184
15.0051
49.9137
66.4002
126.1778
4.0663
30.7047
10.9345
31.7362
27.5161
9.7181
18.0811
204.2277
63.6463
13.2930
105.8753
77.1817
1.4906
40.2045
24.3721
60.9915
30.5819
131.2222
53.4118
82.2739
48.2961
16.0185
28.2488
1.3334
81.2044
64.8963
44.2737
3.0410
89.5026
38.4794
255.2079
40.3330
31.0816
33.2944
194.8756
263.5971
40.8389
52.7540
51.2621
15.8243
15.4745
24.2777
90.0779
62.0275
190.0000
32.9597
39.2874
40.0445
46.7207
0.7956
26.8963
96.5580
1.7848
492.1063
185.4818
25.6604
163.0543
100.6239
172.9035
42.8937
3.1371
51.6001
135.7716
63.2906
8.8634
21.1722
3.9228
65.9479
5.7267
38.9691
25.6992
7.3005
138.3095
68.8113
525.8985
138.3578
38.0153
81.0811
144.0156
46.3612
0.3362
62.4574
28.4106
24.3677
1.6161
20.8812
47.5757
95.1931
79.5611
21.3737
149.1245
211.6342
21.3436
6.6058
89.7935
121.3156
17.5550
23.5437
20.2850
141.6058
210.0912
53.2080
26.6539
45.9628
41.8031
126.1925
3.5260
0.6931
24.3385
14.2538
253.0341
1.2984
91.3549
68.1747
41.2791
2.4055
161.6420
17.8469
12.2228
29.4613
7.4587
249.1792
93.5376
118.3163
3.0756
13.5080
7.7101
49.8686
37.1175
246.4400
21.3610
88.5306
86.9004
76.7141
15.2520
73.7919
214.0351
50.4249
14.2434
139.8449
1.3319
6.5587
15.0162
33.1272
77.7358
