0.1646
1.7329
2.1652
37.6823
48.1519
1.4471
5.4166
6.4225
40.3705
3.4059
63.0177
37.3453
0.7739
43.9351
53.8814
23.2884
6.8846
40.4220
7.5989
1.8321
18.0527
55.8675
11.0429
2.2430
3.4547
7.6206
54.0033
14.6274
14.1123
0.8756
87.4405
8.4714
0.2803
56.2240
5.8086
9.8562
23.9891
8.7805
10.4959
0.6712
128.1306
6.0628
11.2537
16.7642
26.4639
5.9092
12.3264
13.8291
8.8204
0.0040
2.8564
1.6207
2.8873
2.9830
7.3005
48.9945
19.0666
3.3321
7.0222
7.8471
2.4634
14.8094
22.1025
54.6402
8.8292
20.4339
35.9851
8.4439
62.4172
3.6153
39.0427
38.5224
9.0797
20.9631
5.4360
0.5595
16.0676
7.0482
14.6475
13.9817
2.8325
19.0481
21.6520
0.4608
8.8350
1.1360
1.5828
7.7134
9.6667
20.8314
28.8016
2.0007
6.4188
0.2384
64.8532
6.2323
15.8656
4.8202
26.3614
16.3071
