0.0070
0.1256
0.0060
0.0239
0.0030
0.0409
0.0070
0.0210
0.0189
0.0280
0.0528
0.0110
0.0758
0.0140
0.0030
0.0259
0.0080
0.0329
0.0050
0.0219
0.0170
0.0110
0.0558
0.0539
0.0459
0.0100
0.0229
0.0120
0.0090
0.0369
0.0140
0.0189
0.0250
0.0040
0.0040
0.0209
0.0090
0.0139
0.0020
0.0080
0.0259
0.0040
0.0329
0.0080
0.0270
0.0149
0.0030
0.0110
0.0119
0.0170
0.0110
0.0109
0.0060
0.0229
0.0748
0.0070
0.0120
0.0289
0.0120
0.0199
0.0359
0.0120
0.0079
0.0050
0.0179
0.0339
0.0070
0.0479
0.0598
0.0130
0.0140
0.0060
0.0170
0.0050
0.0399
0.0209
0.0050
0.0409
0.0050
0.0219
0.0030
0.0040
0.0120
0.0199
0.0170
0.0030
0.0050
0.0179
0.0189
0.0170
0.0219
0.0060
0.0159
0.0419
0.0100
0.0050
0.0070
0.0070
0.0299
0.0259
0.0150
0.0070
0.0219
0.0559
0.0359
0.0259
0.0099
0.0289
0.0718
0.0170
0.0070
0.0229
0.0130
0.0100
0.0269
0.0140
0.0060
0.0170
0.0399
0.0090
0.0040
0.0110
0.0030
0.0239
0.0040
0.0559
0.0080
0.0070
0.0518
0.0419
0.0219
0.0120
0.0219
0.0429
0.0050
0.0509
0.0698
0.0150
0.0469
0.0060
0.0449
0.0110
0.0150
0.0150
0.0080
0.0289
0.0429
0.0229
0.0050
0.0259
0.0249
0.0040
0.0070
0.0050
0.0030
0.0189
0.0239
0.0269
0.0209
0.0140
0.0189
0.0429
0.0050
0.0080
0.0429
0.0508
0.0080
0.0060
0.0050
0.0040
0.0130
0.0379
0.0219
0.0080
0.0090
0.0130
0.0040
0.0020
0.0339
0.0170
0.0040
0.0120
0.0130
0.0030
0.0089
0.0309
0.0180
0.0049
0.0240
0.0359
0.0129
0.0030
0.0200
0.0040
0.0090
0.0030
0.0099
0.0170
0.0090
0.0140
0.0369
0.0040
0.0080
0.0120
0.0469
0.0030
0.0060
0.0509
0.0140
0.0070
0.0219
0.0040
0.0099
0.0020
0.0070
0.0059
0.0509
0.0040
0.0050
0.0549
0.0139
0.0100
0.0359
0.0389
0.0668
0.0020
0.0419
0.0130
0.0499
0.0150
0.0079
0.0070
0.0040
0.0080
0.0209
0.0050
0.0289
0.1127
0.0060
0.0209
0.0219
0.0189
0.0778
0.0080
0.0080
0.0199
0.0040
0.0070
0.0120
0.0030
0.0040
0.0040
0.0140
0.0120
0.0090
0.0070
0.0049
0.0060
0.0100
0.0169
0.0160
0.0169
0.0030
0.0160
0.0180
0.1007
0.0040
0.0140
0.0170
0.0249
0.0080
0.0060
0.0469
0.0109
0.0100
0.0080
0.0498
0.0300
0.0100
0.0419
0.0099
0.0170
0.0339
0.0439
0.0170
0.0309
0.0100
0.0858
0.0239
0.0259
0.0100
0.0090
0.0100
0.0309
0.0060
0.0150
0.0030
0.0209
0.0369
0.0070
0.0120
0.0160
0.0030
0.0209
0.0529
0.0559
0.0648
0.0150
0.0030
0.0080
0.0140
0.0030
0.0140
0.0309
0.0020
0.0130
0.0140
0.0030
0.0050
0.0120
0.0080
0.0209
0.0179
0.0069
0.0130
0.0060
0.0110
0.0020
0.0050
0.0250
0.0050
0.0180
0.0259
0.0030
0.0229
0.0090
0.0189
0.1077
0.0150
0.0090
0.0449
0.0359
0.0339
0.0040
0.0060
0.0229
0.0180
0.0160
0.0050
0.0190
0.0100
0.0050
0.0030
0.0160
0.0189
0.0040
0.0588
0.0140
0.0140
0.0110
0.0200
0.0110
0.0030
0.0030
0.0050
0.0129
0.0060
0.0050
0.0030
0.0578
0.0888
0.0090
0.0090
0.0030
0.0080
0.0060
0.0160
0.0448
0.0179
0.0080
0.0120
0.0170
0.0259
0.0598
0.0110
0.0269
0.0080
0.0130
0.0060
0.0289
0.0140
0.0090
0.0060
0.0120
0.0239
0.0140
0.0080
0.0259
0.0140
0.1217
0.0050
0.0030
0.0120
0.0030
0.0030
0.0189
0.0419
0.0309
0.0150
0.0140
0.0180
0.0509
0.0040
0.0030
0.0100
0.0070
0.0069
0.0050
0.0140
0.0140
0.0229
0.0239
0.0558
0.0040
0.0050
0.0279
0.0060
0.0040
0.0319
0.0070
0.0458
0.0060
0.0269
0.0189
0.0180
0.0718
0.0070
0.0199
0.0529
0.0319
0.0280
0.0070
0.0100
0.0110
0.0509
0.0269
0.0259
0.0259
0.0229
0.0040
0.0249
0.0050
0.0200
0.0030
0.0608
0.0170
0.0239
0.0100
0.0499
0.0030
0.0020
0.0090
0.0140
0.0129
0.0110
0.0279
0.0050
0.0249
0.0329
0.0080
0.0169
0.0429
0.0289
0.0100
0.0439
0.0150
0.0120
0.0359
0.0668
0.0618
0.0928
0.0190
0.0050
0.0469
0.0050
0.0199
0.0279
0.0219
0.0588
0.0060
0.0040
0.0399
0.0668
0.0898
0.0150
0.0040
0.0080
0.0110
0.0239
0.0140
0.0080
0.0389
0.0928
0.0209
0.0469
0.0180
0.0110
0.0030
0.0893
0.0070
0.0209
0.0170
0.0020
0.0030
0.0050
0.0030
0.0090
0.0239
0.0129
0.0220
0.0329
0.0259
0.0050
0.0099
0.0080
0.0179
0.0339
0.0289
0.0170
0.0050
0.0189
0.0100
0.0239
0.0090
0.0419
0.0050
0.0189
0.0030
0.0030
0.0189
0.0150
0.0040
0.0279
0.0499
0.0469
0.0050
0.0030
0.0040
0.0130
0.0548
0.0050
0.0848
0.0309
0.0090
0.0299
0.0260
0.0239
0.0060
0.0209
0.0090
0.0020
0.0070
0.0050
0.0818
0.0269
0.0908
0.0269
0.0080
0.0150
0.0050
0.0279
0.0319
0.0379
0.0090
0.0359
0.0030
0.0070
0.0139
0.0080
0.0429
0.0314
0.0095
0.0160
0.0020
0.0418
0.0090
0.0080
0.0150
0.0319
0.0150
0.0060
0.0059
0.0349
0.0060
0.0070
0.0190
0.0050
0.0030
0.0060
0.0070
0.0190
0.0120
0.0090
0.0060
0.0269
0.0070
0.0170
0.0249
0.0209
0.0140
0.0149
0.0598
0.0050
0.0030
0.0239
0.0160
0.0060
0.0140
0.0040
0.0110
0.0080
0.0189
0.0040
0.0080
0.0119
0.0389
0.0070
0.0239
0.1227
0.0369
0.0229
0.0040
0.0209
0.0120
0.0738
0.0110
0.0070
0.0100
0.0259
0.0349
0.0748
0.0269
0.0050
0.0130
0.0439
0.0149
0.0519
0.0080
0.0549
0.0190
0.0050
0.0060
0.0100
0.0180
0.0329
0.0269
0.0120
0.0090
0.0030
0.0160
0.0170
0.0090
0.0229
0.0170
0.0060
0.0080
0.0080
0.0110
0.0090
0.0199
0.0140
0.0030
0.0379
0.0209
0.0050
0.0180
0.0110
0.0409
0.0070
0.0199
0.0269
0.0080
0.0179
0.0259
0.0239
0.0439
0.0279
0.0060
0.0089
0.0329
0.0199
0.0249
0.0020
0.0180
0.0140
0.0329
0.0359
0.0140
0.0130
0.0190
0.0439
0.0100
0.0349
0.0209
0.0080
0.0189
0.0598
0.0110
0.0140
0.0369
0.0429
0.0768
0.0030
0.0030
0.0319
0.0120
0.0070
0.0748
0.0279
0.0070
0.0040
0.0239
0.0050
0.0030
0.0160
0.0090
0.0349
0.0499
0.0259
0.0229
0.0389
0.0040
0.0130
0.0060
0.0139
0.0050
0.0738
0.0060
0.0249
0.0080
0.0698
0.0379
0.0060
0.0339
0.0070
0.0409
0.0100
0.0040
0.0040
0.0070
0.0538
0.0050
0.0937
0.0070
0.0429
0.0209
0.0050
0.0100
0.0229
0.0289
0.0070
0.0549
0.0120
0.0129
0.0160
0.0050
0.1107
0.0030
0.0100
0.0020
0.0070
0.0070
0.0130
0.0110
0.0160
0.0050
0.0200
0.0020
0.0100
0.0180
0.0090
0.0160
0.0110
0.0030
0.0150
0.0359
0.0030
0.0509
0.0249
0.0199
0.0170
0.0040
0.0100
0.0160
0.0289
0.0190
0.0070
0.0399
0.0030
0.0160
0.0160
0.0119
0.0070
0.0339
0.0090
0.1326
0.0449
0.0180
0.0189
0.0260
0.0618
0.0359
0.0189
0.0100
0.0299
0.0249
0.0120
0.0369
0.0329
0.0030
0.0329
0.0070
0.0319
0.0209
0.0030
0.0070
0.0459
0.0060
0.0100
0.0160
0.0140
0.0030
0.0339
0.0150
0.0269
0.0438
0.0180
0.0199
0.0269
0.0120
0.0060
0.0110
0.0259
0.0160
0.0299
0.0080
0.0359
0.0449
0.0439
0.0588
0.0150
0.0120
0.0349
0.0309
0.0509
0.0199
0.0170
0.0718
0.0289
0.0150
0.0519
0.0080
0.1316
0.0050
0.0818
0.0240
0.0249
0.0050
0.0409
0.0219
0.1082
0.0249
0.0089
0.0020
0.0120
0.0199
0.0280
0.0229
0.0359
0.0279
0.0200
0.0279
0.0090
0.0050
0.0070
0.0020
0.0030
0.0509
0.0140
0.0050
0.0060
0.0310
0.0319
0.0209
0.0080
0.0110
0.0090
0.0110
0.0030
0.0030
0.0020
0.0090
0.0160
0.0169
0.0100
0.0349
0.1606
0.0170
0.0199
0.0100
0.0139
0.0170
0.0170
0.0060
0.0349
0.0150
0.0050
0.0668
0.0070
0.0030
0.0070
0.0249
0.0120
0.0230
0.0129
0.0080
0.0160
0.0240
0.0040
0.0339
0.0359
0.0319
0.0120
0.0240
0.0379
0.0309
0.0120
0.0230
0.0020
0.0140
0.0160
0.0309
0.0269
0.0090
0.0398
0.0080
0.0409
0.0070
0.0349
0.0140
0.0040
0.0100
0.0309
0.0190
0.0140
0.0269
0.0209
0.0180
0.0289
0.0230
0.0668
0.0040
0.0279
0.0239
0.0110
0.0080
0.0120
0.0040
0.0080
0.0249
0.0339
0.0080
0.0439
0.0379
0.0080
0.0080
0.0349
0.0090
0.0249
0.0240
0.0199
0.0040
0.0389
0.0130
0.0030
0.0090
0.0070
0.0160
0.0060
0.0130
0.0180
0.0050
0.0459
0.0180
0.1017
0.0120
0.0140
0.0030
0.0459
0.0080
