1.0602
0.6233
1.1868
0.0439
0.1735
0.0070
0.5585
0.2394
0.5435
0.9475
0.0439
0.0130
0.2783
0.0150
0.5067
1.6795
0.8642
0.2074
0.5081
0.8856
0.3720
0.0239
0.8447
0.8956
0.7939
0.3670
1.4461
0.1606
0.3590
1.0203
0.1656
1.0462
0.0479
0.1626
0.0229
0.0778
0.0419
0.6293
0.4197
0.0189
0.3132
4.8381
0.0937
0.2214
1.1429
0.1995
0.6872
0.2025
0.5655
0.7260
0.0120
0.1795
0.0289
0.0957
0.5934
4.1748
0.1596
0.8168
0.4707
0.2852
1.6287
0.0818
0.0758
0.3181
0.1137
1.1918
0.4508
0.4348
2.5432
1.8944
0.1416
0.3830
1.1060
2.5123
0.2025
0.7959
0.0469
0.0369
0.1476
0.3082
0.2683
1.5658
1.1210
1.4701
0.9644
0.6343
0.2354
0.4388
0.6832
0.5854
0.0898
0.7849
0.9554
0.7699
0.3610
0.1257
0.3730
0.6413
0.1376
0.2972
