0.0090
0.0070
0.0189
0.0010
0.0020
0.0010
0.0030
0.0050
0.0110
0.0020
0.0030
0.0170
0.0080
0.0020
0.0100
0.0150
0.0100
0.0309
0.0020
0.0040
0.0030
0.0010
0.0239
0.0539
0.0100
0.0050
0.0349
0.0269
0.0120
0.0020
0.0100
0.0529
0.0040
0.0189
0.0030
0.0050
0.0319
0.0130
0.0459
0.0259
0.0010
0.0209
0.0060
0.0020
0.0090
0.0319
0.0209
0.0080
0.0050
0.0170
0.0010
0.0020
0.0110
0.0030
0.0070
0.0120
0.0758
0.0249
0.0140
0.0299
0.0020
0.0120
0.0060
0.0189
0.0439
0.0160
0.0050
0.0080
0.0020
0.0000
0.0060
0.0010
0.0329
0.0080
0.0040
0.0189
0.0429
0.0459
0.0050
0.0170
0.0010
0.0020
0.0020
0.0100
0.0040
0.0010
0.0040
0.0150
0.0090
0.0080
0.0070
0.0030
0.0379
0.0020
0.0030
0.0040
0.0020
0.0060
0.0130
0.0199
