0.0140
0.0239
0.0060
0.0868
0.0239
0.0259
0.0100
0.0888
0.0010
0.0229
0.0140
0.0170
0.0070
0.0269
0.0539
0.0578
0.0010
0.0070
0.0150
0.0539
0.0259
0.0199
0.0150
0.0030
0.1217
0.0120
0.0339
0.0299
0.0180
0.0319
0.0259
0.0040
0.0309
0.0199
0.0369
0.0150
0.0409
0.3939
0.0369
0.0249
0.0339
0.1436
0.1127
0.0449
0.0688
0.0180
0.0638
0.0199
0.0628
0.0209
0.0479
0.0030
0.0020
0.0080
0.0050
0.0050
0.0050
0.0568
0.0030
0.0628
0.0379
0.0768
0.0060
0.0090
0.1217
0.0239
0.0499
0.0349
0.0160
0.0060
0.0299
0.0409
0.0160
0.4309
0.4059
0.0459
0.1177
0.0040
0.1606
0.0638
0.1187
0.0309
0.0309
0.0269
0.0389
0.0070
0.0389
0.0728
0.0299
0.0199
0.1685
0.0110
0.0239
0.0070
0.0618
0.0359
0.1316
0.0060
0.0080
0.7520
