0.1117
0.1626
0.2304
0.0259
0.0050
0.4378
0.0958
0.0987
0.1775
0.0030
0.1286
0.0080
0.0270
0.0778
0.0808
0.0419
0.1596
0.0997
0.0249
0.0120
0.1566
0.0728
0.1406
0.1007
0.0169
0.0150
0.1237
0.0389
0.0349
0.1715
0.1186
0.0280
0.0259
0.4019
0.0429
0.0010
0.1147
0.0269
0.0040
0.0170
0.0409
0.0259
0.0160
0.2783
0.0549
0.0419
0.0329
0.0150
0.0110
0.0160
0.3271
0.0260
0.3670
0.5177
0.1227
0.1626
0.0000
0.4358
0.0329
0.0389
0.0239
0.0992
0.1208
0.0409
0.4299
0.6353
0.0199
0.0559
0.0977
0.1436
0.0518
0.4032
0.0339
0.0020
0.1346
0.0598
0.1187
0.2224
0.2533
0.0459
0.1606
0.2583
0.1257
0.1297
0.4797
0.2792
0.0927
0.0100
0.3312
0.1107
0.6213
0.0070
0.1376
0.2364
0.1326
0.0539
0.0049
0.0260
0.0938
0.1575
