0.7291
0.0469
1.8131
1.0531
5.4724
0.6503
0.8128
0.4179
8.3447
1.2227
0.0648
1.6785
1.7034
0.2055
2.0555
8.7157
4.4282
0.9365
0.4618
0.7470
1.1001
1.8550
10.2516
0.6867
3.7739
0.3082
0.2513
0.1247
2.5991
0.1815
0.1297
0.8597
0.1695
0.8248
0.3441
0.7610
0.5136
5.0096
0.0758
3.2184
1.5269
0.3541
0.5645
4.8630
2.4874
1.3893
3.2693
3.3620
0.0010
2.5322
0.5645
1.6197
0.1426
0.6054
26.5995
0.2593
0.4119
1.1819
4.4750
2.9282
3.9883
0.8617
0.6223
3.0828
1.0472
11.1662
0.1566
1.3604
0.2104
0.6323
0.3201
0.7779
3.3761
0.1316
0.3960
4.5698
4.6675
3.2463
0.4897
2.4594
3.3072
2.3527
2.2899
1.1185
7.4765
1.6286
1.5409
4.3523
18.1655
0.5535
8.5292
9.0937
4.1020
8.8953
2.2939
4.2467
4.1170
0.5495
5.2490
6.6303
