0.0230
0.0180
0.0060
0.1267
0.0269
0.0359
0.0269
0.0808
0.0279
0.0339
0.1396
0.0040
0.0289
0.0289
0.0080
0.0159
0.0110
0.0010
0.0229
0.0130
0.0778
0.0060
0.0349
0.0060
0.0010
0.1237
0.0289
0.0079
0.0429
0.1337
0.0000
0.0180
0.0100
0.0309
0.0239
0.0100
0.0559
0.0119
0.0140
0.0249
0.0010
0.0110
0.0070
0.0000
0.0928
0.0259
0.0070
0.0060
0.0419
0.0010
0.0030
0.0160
0.0967
0.0359
0.0609
0.0050
0.0060
0.0110
0.0160
0.0150
0.0349
0.0150
0.0220
0.0060
0.0987
0.0329
0.0239
0.0050
0.0289
0.0359
0.0289
0.0519
0.0050
0.0000
0.0140
0.0349
0.0549
0.0010
0.0299
0.0120
0.0090
0.0110
0.1177
0.0140
0.0329
0.0020
0.0120
0.0000
0.0020
0.0568
0.0329
0.2035
0.0160
0.0040
0.0100
0.0010
0.0130
0.0040
0.0020
0.0180
